{"b4w_format_version": "6.01", "b4w_filepath_blend": "../../../../../blender/petigors_tale/animals/horse/horse_model.blend", "actions": [], "images": [{"name": "horse_diff.png", "uuid": "ca92a0930e8154ec544a62f2113aea70", "filepath": "horse_diff.jpg", "size": [512, 512], "source": "FILE", "colorspace_settings_name": "sRGB"}, {"name": "ground_masks", "uuid": "03db06c54e150cb3f07d3e0d1898b9ad", "filepath": "../../intro/ground_masks.png", "size": [256, 256], "source": "FILE", "colorspace_settings_name": "sRGB"}], "textures": [{"name": "horse_diff", "uuid": "89017d1bc80e69e83710fe45485a2428", "type": "IMAGE", "b4w_source_type": "NONE", "b4w_source_id": "", "b4w_source_size": "128", "b4w_enable_canvas_mipmapping": true, "extension": "REPEAT", "b4w_use_map_parallax": false, "b4w_parallax_scale": 0.02, "b4w_parallax_steps": 5, "b4w_parallax_lod_dist": 5, "b4w_water_foam": false, "b4w_foam_uv_freq": [1, 1], "b4w_foam_uv_magnitude": [1, 1], "b4w_shore_dist_map": false, "b4w_anisotropic_filtering": "DEFAULT", "b4w_shore_boundings": [0, 0, 0, 0], "b4w_max_shore_dist": 100, "b4w_disable_compression": false, "b4w_use_as_skydome": true, "b4w_use_as_environment_lighting": false, "image": {"uuid": "ca92a0930e8154ec544a62f2113aea70"}, "frame_duration": 0, "frame_offset": 0, "frame_start": 0, "use_auto_refresh": false, "use_cyclic": false, "movie_length": 0, "b4w_nla_video": false, "noise_intensity": null, "noise_scale": null, "use_color_ramp": false, "color_ramp": null}, {"name": "ground_masks", "uuid": "3fa4499a216658c2fda997c47ef7307e", "type": "IMAGE", "b4w_source_type": "NONE", "b4w_source_id": "", "b4w_source_size": "128", "b4w_enable_canvas_mipmapping": true, "extension": "REPEAT", "b4w_use_map_parallax": false, "b4w_parallax_scale": 0.02, "b4w_parallax_steps": 5, "b4w_parallax_lod_dist": 5, "b4w_water_foam": false, "b4w_foam_uv_freq": [1, 1], "b4w_foam_uv_magnitude": [1, 1], "b4w_shore_dist_map": false, "b4w_anisotropic_filtering": "DEFAULT", "b4w_shore_boundings": [0, 0, 0, 0], "b4w_max_shore_dist": 100, "b4w_disable_compression": false, "b4w_use_as_skydome": true, "b4w_use_as_environment_lighting": false, "image": {"uuid": "03db06c54e150cb3f07d3e0d1898b9ad"}, "frame_duration": 0, "frame_offset": 0, "frame_start": 0, "use_auto_refresh": false, "use_cyclic": false, "movie_length": 0, "b4w_nla_video": false, "noise_intensity": null, "noise_scale": null, "use_color_ramp": false, "color_ramp": null}], "materials": [{"use_orco_tex_coord": false, "name": "horse", "use_nodes": false, "diffuse_color": [1, 1, 1], "diffuse_shader": "LAMBERT", "roughness": 0.5, "diffuse_fresnel": 0.1, "diffuse_fresnel_factor": 0.5, "darkness": 1, "diffuse_toon_size": 0.5, "diffuse_toon_smooth": 0.1, "diffuse_intensity": 1, "alpha": 1, "specular_alpha": 1, "raytrace_transparency": {"fresnel": 0, "fresnel_factor": 1.25}, "raytrace_mirror": {"reflect_factor": -1, "fresnel": 0, "fresnel_factor": 1.25}, "specular_color": [1, 1, 1], "specular_intensity": 0.02, "specular_shader": "COOKTORR", "specular_hardness": 10, "specular_ior": 4, "specular_slope": 0.1, "specular_toon_size": 0.5, "specular_toon_smooth": 0.1, "emit": 0, "ambient": 1, "use_vertex_color_paint": false, "b4w_water": false, "b4w_water_shore_smoothing": true, "b4w_water_absorb_factor": 6, "b4w_water_dynamic": false, "b4w_waves_height": 1, "b4w_waves_length": 10, "b4w_generated_mesh": false, "b4w_water_num_cascads": 5, "b4w_water_subdivs": 64, "b4w_water_detailed_dist": 1000, "b4w_water_fog_color": [0.4, 0.6, 0.7], "b4w_water_fog_density": 0.06, "b4w_foam_factor": 0.5, "b4w_shallow_water_col": [0, 0.8, 0.3], "b4w_shore_water_col": [0, 0.9, 0.2], "b4w_shallow_water_col_fac": 1, "b4w_shore_water_col_fac": 0.5, "b4w_water_dst_noise_scale0": 0.05, "b4w_water_dst_noise_scale1": 0.03, "b4w_water_dst_noise_freq0": 1.3, "b4w_water_dst_noise_freq1": 1, "b4w_water_dir_min_shore_fac": 0.4, "b4w_water_dir_freq": 0.5, "b4w_water_dir_noise_scale": 0.05, "b4w_water_dir_noise_freq": 0.07, "b4w_water_dir_min_noise_fac": 0.5, "b4w_water_dst_min_fac": 0.2, "b4w_water_waves_hor_fac": 5, "b4w_water_sss_strength": 1, "b4w_water_sss_width": 0.45, "b4w_water_norm_uv_velocity": 0.05, "b4w_water_enable_caust": false, "b4w_water_caust_scale": 0.25, "b4w_water_caust_brightness": 0.5, "b4w_terrain": false, "b4w_dynamic_grass_size": "", "b4w_dynamic_grass_color": "", "b4w_do_not_render": false, "b4w_lens_flares": false, "b4w_collision": false, "b4w_use_ghost": false, "b4w_collision_id": "", "b4w_collision_margin": 0.03999999910593033, "b4w_collision_group": 128, "b4w_collision_mask": 65407, "b4w_double_sided_lighting": false, "b4w_wettable": false, "b4w_refractive": false, "b4w_refr_bump": 0.0010000000474974513, "b4w_render_above_all": false, "physics": {"friction": 0.5, "elasticity": 0}, "type": "SURFACE", "b4w_halo_sky_stars": false, "b4w_halo_stars_blend_height": 10.0, "b4w_halo_stars_min_height": 0.0, "halo": {"hardness": 10, "size": 0.5, "b4w_halo_rings_color": [1, 1, 1], "b4w_halo_lines_color": [1, 1, 1], "ring_count": 0, "line_count": 0, "star_tip_count": 0}, "use_transparency": false, "use_shadeless": false, "use_tangent_shading": false, "offset_z": 0, "game_settings": {"alpha_blend": "OPAQUE", "use_backface_culling": true}, "uv_vc_key": "UVMap_0UVMap_0", "node_tree": null, "texture_slots": [{"texture_coords": "UV", "uv_layer": "UVMap_0", "use_map_color_diffuse": true, "diffuse_color_factor": 1, "use_map_alpha": false, "alpha_factor": 1, "use_map_color_spec": false, "specular_color_factor": 1, "use_map_normal": false, "normal_factor": 1, "use_map_mirror": false, "mirror_factor": 1, "use_rgb_to_intensity": false, "use_stencil": false, "offset": [0, 0, 0], "scale": [1, 1, 1], "blend_type": "MIX", "texture": {"uuid": "89017d1bc80e69e83710fe45485a2428"}}], "uuid": "05e349c4035f6b984bc6e60c193c7430", "source_uuid": "b71c9b6295ce94827916b162aebed3ba"}, {"use_orco_tex_coord": false, "name": "ground", "use_nodes": true, "diffuse_color": [0.8, 0.8, 0.8], "diffuse_shader": "LAMBERT", "roughness": 0.5, "diffuse_fresnel": 0.1, "diffuse_fresnel_factor": 0.5, "darkness": 1, "diffuse_toon_size": 0.5, "diffuse_toon_smooth": 0.1, "diffuse_intensity": 1, "alpha": 1, "specular_alpha": 1, "raytrace_transparency": {"fresnel": 0, "fresnel_factor": 1.25}, "raytrace_mirror": {"reflect_factor": 0, "fresnel": 0, "fresnel_factor": 1.25}, "specular_color": [1, 1, 1], "specular_intensity": 0.3304, "specular_shader": "COOKTORR", "specular_hardness": 50, "specular_ior": 4, "specular_slope": 0.1, "specular_toon_size": 0.5, "specular_toon_smooth": 0.1, "emit": 0, "ambient": 1, "use_vertex_color_paint": false, "b4w_water": false, "b4w_water_shore_smoothing": true, "b4w_water_absorb_factor": 6, "b4w_water_dynamic": false, "b4w_waves_height": 1, "b4w_waves_length": 10, "b4w_generated_mesh": false, "b4w_water_num_cascads": 5, "b4w_water_subdivs": 64, "b4w_water_detailed_dist": 1000, "b4w_water_fog_color": [0.4, 0.6, 0.7], "b4w_water_fog_density": 0.06, "b4w_foam_factor": 0.5, "b4w_shallow_water_col": [0, 0.8, 0.3], "b4w_shore_water_col": [0, 0.9, 0.2], "b4w_shallow_water_col_fac": 1, "b4w_shore_water_col_fac": 0.5, "b4w_water_dst_noise_scale0": 0.05, "b4w_water_dst_noise_scale1": 0.03, "b4w_water_dst_noise_freq0": 1.3, "b4w_water_dst_noise_freq1": 1, "b4w_water_dir_min_shore_fac": 0.4, "b4w_water_dir_freq": 0.5, "b4w_water_dir_noise_scale": 0.05, "b4w_water_dir_noise_freq": 0.07, "b4w_water_dir_min_noise_fac": 0.5, "b4w_water_dst_min_fac": 0.2, "b4w_water_waves_hor_fac": 5, "b4w_water_sss_strength": 1, "b4w_water_sss_width": 0.45, "b4w_water_norm_uv_velocity": 0.05, "b4w_water_enable_caust": false, "b4w_water_caust_scale": 0.25, "b4w_water_caust_brightness": 0.5, "b4w_terrain": false, "b4w_dynamic_grass_size": "", "b4w_dynamic_grass_color": "", "b4w_do_not_render": false, "b4w_lens_flares": false, "b4w_collision": false, "b4w_use_ghost": false, "b4w_collision_id": "", "b4w_collision_margin": 0.03999999910593033, "b4w_collision_group": 128, "b4w_collision_mask": 65407, "b4w_double_sided_lighting": false, "b4w_wettable": false, "b4w_refractive": false, "b4w_refr_bump": 0.0010000000474974513, "b4w_render_above_all": false, "physics": {"friction": 0.5, "elasticity": 0}, "type": "SURFACE", "b4w_halo_sky_stars": false, "b4w_halo_stars_blend_height": 10.0, "b4w_halo_stars_min_height": 0.0, "halo": {"hardness": 50, "size": 0.5, "b4w_halo_rings_color": [1, 1, 1], "b4w_halo_lines_color": [1, 1, 1], "ring_count": 0, "line_count": 0, "star_tip_count": 0}, "use_transparency": true, "use_shadeless": false, "use_tangent_shading": false, "offset_z": 0, "game_settings": {"alpha_blend": "ALPHA", "use_backface_culling": true}, "uv_vc_key": "UVMapUVMapvc_maskvc_mask", "node_tree": {"nodes": [{"name": "Mapping", "type": "MAPPING", "inputs": [{"name": "Vector", "identifier": "Vector", "is_linked": true, "default_value": [0, 0, 0]}], "outputs": [{"name": "Vector", "identifier": "Vector", "is_linked": true, "default_value": [0, 0, 0]}], "translation": [0, 0, 0], "rotation": [0, 0, 0], "scale": [3, 3, 1], "vector_type": "POINT", "use_min": false, "use_max": false, "min": [0, 0, 0], "max": [1, 1, 1]}, {"name": "Texture", "type": "TEXTURE", "inputs": [{"name": "Vector", "identifier": "Vector", "is_linked": true, "default_value": [0, 0, 0]}], "outputs": [{"name": "Value", "identifier": "Value", "is_linked": false, "default_value": 0}, {"name": "Color", "identifier": "Color", "is_linked": true, "default_value": [0, 0, 0, 0]}, {"name": "Normal", "identifier": "Normal", "is_linked": false, "default_value": [0, 0, 0]}], "texture": {"uuid": "3fa4499a216658c2fda997c47ef7307e"}}, {"name": "Geometry", "type": "GEOMETRY", "inputs": [], "outputs": [{"name": "Global", "identifier": "Global", "is_linked": false, "default_value": [0, 0, 0]}, {"name": "Local", "identifier": "Local", "is_linked": false, "default_value": [0, 0, 0]}, {"name": "View", "identifier": "View", "is_linked": false, "default_value": [0, 0, 0]}, {"name": "Orco", "identifier": "Orco", "is_linked": false, "default_value": [0, 0, 0]}, {"name": "UV", "identifier": "UV", "is_linked": true, "default_value": [0, 0, 0]}, {"name": "Normal", "identifier": "Normal", "is_linked": false, "default_value": [0, 0, 0]}, {"name": "Vertex Color", "identifier": "Vertex Color", "is_linked": true, "default_value": [0, 0, 0, 0]}, {"name": "Vertex Alpha", "identifier": "Vertex Alpha", "is_linked": false, "default_value": 0}, {"name": "Front/Back", "identifier": "Front/Back", "is_linked": false, "default_value": 0}], "uv_layer": "UVMap", "color_layer": "vc_mask"}, {"name": "Separate RGB", "type": "SEPRGB", "inputs": [{"name": "Image", "identifier": "Image", "is_linked": true, "default_value": [0.8, 0.8, 0.8, 1]}], "outputs": [{"name": "R", "identifier": "R", "is_linked": true, "default_value": 0}, {"name": "G", "identifier": "G", "is_linked": false, "default_value": 0}, {"name": "B", "identifier": "B", "is_linked": false, "default_value": 0}]}, {"name": "Group", "type": "GROUP", "inputs": [{"name": "Value", "identifier": "Input_1", "is_linked": true, "default_value": 0.5}, {"name": "Edge0", "identifier": "Input_5", "is_linked": false, "default_value": 0.05}, {"name": "Edge1", "identifier": "Input_7", "is_linked": false, "default_value": 0.4}], "outputs": [{"name": "Value", "identifier": "Output_3", "is_linked": true, "default_value": 0}], "node_tree_name": "B4W_SMOOTHSTEP.002", "node_group": {"uuid": "43d69534d88aea5e2be733ab90778a96"}}, {"name": "Mix", "type": "MIX_RGB", "inputs": [{"name": "Fac", "identifier": "Fac", "is_linked": true, "default_value": 0.5}, {"name": "Color1", "identifier": "Color1", "is_linked": false, "default_value": [0, 0, 0, 1]}, {"name": "Color2", "identifier": "Color2", "is_linked": false, "default_value": [0.5, 0.5, 0.5, 1]}], "outputs": [{"name": "Color", "identifier": "Color", "is_linked": true, "default_value": [0, 0, 0, 0]}], "blend_type": "MIX", "use_clamp": false}, {"name": "Material", "type": "MATERIAL", "inputs": [{"name": "Color", "identifier": "Color", "is_linked": true, "default_value": [0.8, 0.8, 0.8, 1]}, {"name": "Spec", "identifier": "Spec", "is_linked": true, "default_value": [1, 1, 1, 1]}, {"name": "DiffuseIntensity", "identifier": "DiffuseIntensity", "is_linked": false, "default_value": 1}, {"name": "Normal", "identifier": "Normal", "is_linked": false, "default_value": [0, 0, 0]}], "outputs": [{"name": "Color", "identifier": "Color", "is_linked": true, "default_value": [0, 0, 0, 0]}, {"name": "Alpha", "identifier": "Alpha", "is_linked": false, "default_value": 0}, {"name": "Normal", "identifier": "Normal", "is_linked": false, "default_value": [0, 0, 0]}], "material_name": "ground", "specular_shader": "COOKTORR", "specular_hardness": 50, "specular_slope": 0.1, "specular_toon_size": 0.5, "specular_toon_smooth": 0.1, "specular_intensity": 0.3304, "specular_ior": 4, "diffuse_shader": "LAMBERT", "use_shadeless": false, "use_tangent_shading": false, "specular_alpha": 1.0, "alpha": 1.0, "diffuse_intensity": 1.0, "roughness": 0.5, "diffuse_fresnel": 0.1, "diffuse_fresnel_factor": 0.5, "darkness": 1, "diffuse_toon_size": 0.5, "diffuse_toon_smooth": 0.1, "use_diffuse": true, "use_specular": true, "invert_normal": false}, {"name": "Output", "type": "OUTPUT", "inputs": [{"name": "Color", "identifier": "Color", "is_linked": true, "default_value": [0, 0, 0, 1]}, {"name": "Alpha", "identifier": "Alpha", "is_linked": true, "default_value": 1}], "outputs": []}, {"name": "Separate RGB.001", "type": "SEPRGB", "inputs": [{"name": "Image", "identifier": "Image", "is_linked": true, "default_value": [0.8, 0.8, 0.8, 1]}], "outputs": [{"name": "R", "identifier": "R", "is_linked": false, "default_value": 0}, {"name": "G", "identifier": "G", "is_linked": true, "default_value": 0}, {"name": "B", "identifier": "B", "is_linked": false, "default_value": 0}]}, {"name": "Mix.001", "type": "MIX_RGB", "inputs": [{"name": "Fac", "identifier": "Fac", "is_linked": true, "default_value": 0.5}, {"name": "Color1", "identifier": "Color1", "is_linked": false, "default_value": [0, 0, 0, 1]}, {"name": "Color2", "identifier": "Color2", "is_linked": false, "default_value": [0.665, 1, 0.045, 1]}], "outputs": [{"name": "Color", "identifier": "Color", "is_linked": true, "default_value": [0, 0, 0, 0]}], "blend_type": "MIX", "use_clamp": false}], "links": [{"from_node": {"name": "Material"}, "to_node": {"name": "Output"}, "from_socket": {"identifier": "Color"}, "to_socket": {"identifier": "Color"}}, {"from_node": {"name": "Geometry"}, "to_node": {"name": "Mapping"}, "from_socket": {"identifier": "UV"}, "to_socket": {"identifier": "Vector"}}, {"from_node": {"name": "Geometry"}, "to_node": {"name": "Separate RGB"}, "from_socket": {"identifier": "Vertex Color"}, "to_socket": {"identifier": "Image"}}, {"from_node": {"name": "Separate RGB"}, "to_node": {"name": "Output"}, "from_socket": {"identifier": "R"}, "to_socket": {"identifier": "Alpha"}}, {"from_node": {"name": "Mapping"}, "to_node": {"name": "Texture"}, "from_socket": {"identifier": "Vector"}, "to_socket": {"identifier": "Vector"}}, {"from_node": {"name": "Texture"}, "to_node": {"name": "Separate RGB.001"}, "from_socket": {"identifier": "Color"}, "to_socket": {"identifier": "Image"}}, {"from_node": {"name": "Group"}, "to_node": {"name": "Mix"}, "from_socket": {"identifier": "Output_3"}, "to_socket": {"identifier": "Fac"}}, {"from_node": {"name": "Mix"}, "to_node": {"name": "Material"}, "from_socket": {"identifier": "Color"}, "to_socket": {"identifier": "Spec"}}, {"from_node": {"name": "Separate RGB.001"}, "to_node": {"name": "Group"}, "from_socket": {"identifier": "G"}, "to_socket": {"identifier": "Input_1"}}, {"from_node": {"name": "Mix.001"}, "to_node": {"name": "Material"}, "from_socket": {"identifier": "Color"}, "to_socket": {"identifier": "Color"}}, {"from_node": {"name": "Separate RGB.001"}, "to_node": {"name": "Mix.001"}, "from_socket": {"identifier": "G"}, "to_socket": {"identifier": "Fac"}}], "animation_data": null}, "texture_slots": [], "uuid": "e18de947ec8a3c4427b2ff26ae6ac6cd", "source_uuid": "60eff208597bb61e42b35410cab58e3b"}], "meshes": [{"name": "horse", "uuid": "15ee6e4e98bbebd4724dc144a9cad96b", "materials": [{"uuid": "05e349c4035f6b984bc6e60c193c7430"}], "b4w_vertex_anim": [], "vertex_groups": [{"name": "DEF-tail2", "index": 0}, {"name": "DEF-tail1", "index": 1}, {"name": "DEF-tail0", "index": 2}, {"name": "DEF-foot.R", "index": 3}, {"name": "DEF-shin.R", "index": 4}, {"name": "DEF-thigh.R", "index": 5}, {"name": "DEF-rump.R", "index": 6}, {"name": "DEF-head_center", "index": 7}, {"name": "DEF-head", "index": 8}, {"name": "DEF-footF.R", "index": 9}, {"name": "DEF-shinF.R", "index": 10}, {"name": "DEF-thighF.R", "index": 11}, {"name": "DEF-scapula.R", "index": 12}, {"name": "DEF-neck_top", "index": 13}, {"name": "DEF-neck_bottom", "index": 14}, {"name": "DEF-ribs", "index": 15}, {"name": "DEF-spine1", "index": 16}, {"name": "DEF-spine0", "index": 17}, {"name": "DEF-hips", "index": 18}, {"name": "DEF-foot.L", "index": 19}, {"name": "DEF-shin.L", "index": 20}, {"name": "DEF-thigh.L", "index": 21}, {"name": "DEF-rump.L", "index": 22}, {"name": "DEF-footF.L", "index": 23}, {"name": "DEF-shinF.L", "index": 24}, {"name": "DEF-thighF.L", "index": 25}, {"name": "DEF-scapula.L", "index": 26}], "uv_textures": ["UVMap_0"], "active_vcol_name": null, "submeshes": [{"boundings": {"bb": {"max_x": 0.3513, "max_y": 0.6866, "max_z": 1.6976, "min_x": -0.3513, "min_y": -2.30402, "min_z": 0}, "be_ax": [0.59193, 2.54499, 1.58335], "be_cen": [0, -0.76699, 0.81328], "rbb": {"rbb_c": [0.0, -0.808519721031189, 0.8694441318511963], "rbb_s": [0.3512996733188629, 1.5104103088378906, 0.9396906495094299]}, "caxis_x": [1.0, 0.0, 0.0], "caxis_y": [0.0, 0.9707590937614441, -0.24005575478076935], "caxis_z": [0.0, 0.24005575478076935, 0.9707590937614441]}, "base_length": 897, "indices": [0, 4032], "position": [0, 2691], "texcoord": [2691, 1794], "texcoord2": [0, 0], "shade_tangs": [0, 0], "normal": [0, 2691], "tangent": [2691, 3588], "group": [0, 24219], "color": [0, 0], "vertex_colors": []}], "b4w_shape_keys": [], "b4w_boundings": {"bb": {"max_x": 0.3513, "max_y": 0.6866, "max_z": 1.6976, "min_x": -0.3513, "min_y": -2.30402, "min_z": 0}, "be_ax": [0.59193, 2.54499, 1.58335], "be_cen": [0, -0.76699, 0.81328], "bs_rad": 1.52343, "bc_rad": 1.49531, "bs_cen": [5e-05, -0.80271, 0.85504], "bc_cen": [0, -0.80871, 0.8488], "bb_src": {"max_x": 0.3513, "max_y": 0.6866, "max_z": 1.6976, "min_x": -0.3513, "min_y": -2.30402, "min_z": 0}, "rbb": {"rbb_c": [0.0, -0.808519721031189, 0.8694441318511963], "rbb_s": [0.3512996733188629, 1.5104103088378906, 0.9396906495094299]}, "caxis_x": [1.0, 0.0, 0.0], "caxis_y": [0.0, 0.9707590937614441, -0.24005575478076935], "caxis_z": [0.0, 0.24005575478076935, 0.9707590937614441]}}, {"name": "ground", "uuid": "d9ec00f659b6b76aa39d45135bf9aa5f", "materials": [{"uuid": "e18de947ec8a3c4427b2ff26ae6ac6cd"}], "b4w_vertex_anim": [], "vertex_groups": [], "uv_textures": ["UVMap"], "active_vcol_name": "vc_mask", "submeshes": [{"boundings": {"bb": {"max_x": 5.428, "max_y": 5.428, "max_z": 0, "min_x": -5.428, "min_y": -5.428, "min_z": 0}, "be_ax": [7.67635, 7.67635, 0], "be_cen": [0, 0, 0], "rbb": {"rbb_c": [7.255671334860381e-07, -1.3218507319834316e-06, 0.0], "rbb_s": [5.42400598526001, 5.42400598526001, 0.0]}, "caxis_x": [0.7336995005607605, -0.6794740557670593, 0.0], "caxis_y": [0.6794740557670593, 0.7336995005607605, 0.0], "caxis_z": [0.0, 0.0, 1.0]}, "base_length": 64, "indices": [4032, 282], "position": [4485, 192], "texcoord": [4677, 128], "texcoord2": [0, 0], "shade_tangs": [0, 0], "normal": [6279, 192], "tangent": [6471, 256], "group": [0, 0], "color": [0, 64], "vertex_colors": [{"name": "vc_mask", "mask": 4}]}], "b4w_shape_keys": [], "b4w_boundings": {"bb": {"max_x": 5.428, "max_y": 5.428, "max_z": 0, "min_x": -5.428, "min_y": -5.428, "min_z": 0}, "be_ax": [7.67635, 7.67635, 0], "be_cen": [0, 0, 0], "bs_rad": 5.428, "bc_rad": 5.428, "bs_cen": [0, 0, 0], "bc_cen": [0, 0, 0], "bb_src": {"max_x": 5.428, "max_y": 5.428, "max_z": 0, "min_x": -5.428, "min_y": -5.428, "min_z": 0}, "rbb": {"rbb_c": [7.255671334860381e-07, -1.3218507319834316e-06, 0.0], "rbb_s": [5.42400598526001, 5.42400598526001, 0.0]}, "caxis_x": [0.7336995005607605, -0.6794740557670593, 0.0], "caxis_y": [0.6794740557670593, 0.7336995005607605, 0.0], "caxis_z": [0.0, 0.0, 1.0]}}], "armatures": [{"name": "horse_rig", "uuid": "ba4d87d14b933af480d80de517241e0c", "bones": [{"name": "root", "head": [0, 0, 0], "tail": [0, 0.4, 0], "head_local": [0, 0, 0], "tail_local": [0, 0.4, 0], "matrix_local": [1, 0, 0, 0, 0, 1, 0, 0, 0, 0, 1, 0, 0, 0, 0, 1]}, {"name": "ORG-hips", "head": [0, -0.45122, 1.45116], "tail": [0, -0.68944, 1.45116], "head_local": [0, -0.05122, 1.45116], "tail_local": [0, -0.28944, 1.45116], "matrix_local": [-1, 0, 0, 0, 0, -1, 0, 0, 0, 0, 1, 0, 0, -0.05122, 1.45116, 1]}, {"name": "ORG-tail0", "head": [0, -0.57334, 0.0301], "tail": [0, -0.82806, -0.13956], "head_local": [0, 0.2839, 1.48126], "tail_local": [0, 0.53862, 1.3116], "matrix_local": [1, 0, 0, 0, 0, 0.83229, -0.55434, 0, 0, 0.55434, 0.83229, 0, 0, 0.2839, 1.48126, 1]}, {"name": "ORG-tail1", "head": [0, 0, 0], "tail": [0, 0.35394, -0.48265], "head_local": [0, 0.53862, 1.3116], "tail_local": [0, 0.56565, 0.71369], "matrix_local": [1, 0, 0, 0, 0, 0.04516, -0.99898, 0, 0, 0.99898, 0.04516, 0, 0, 0.53862, 1.3116, 1]}, {"name": "ORG-tail2", "head": [0, 0, 0], "tail": [0, 0.42232, 0.00605], "head_local": [0, 0.56565, 0.71369], "tail_local": [0, 0.59076, 0.29208], "matrix_local": [1, 0, 0, 0, 0, 0.05946, -0.99823, 0, 0, 0.99823, 0.05946, 0, 0, 0.56565, 0.71369, 1]}, {"name": "DEF-tail2", "head": [0, -0.42236, 0], "tail": [0, 0, 0], "head_local": [0, 0.56565, 0.71369], "tail_local": [0, 0.59076, 0.29208], "matrix_local": [1, 0, 0, 0, 0, 0.05946, -0.99823, 0, 0, 0.99823, 0.05946, 0, 0, 0.56565, 0.71369, 1]}, {"name": "DEF-tail1", "head": [0, -0.59852, 0], "tail": [0, 0, 0], "head_local": [0, 0.53862, 1.3116], "tail_local": [0, 0.56565, 0.71369], "matrix_local": [1, 0, 0, 0, 0, 0.04516, -0.99898, 0, 0, 0.99898, 0.04516, 0, 0, 0.53862, 1.3116, 1]}, {"name": "tail2", "head": [0, 0, 0], "tail": [0, 0.42232, 0.00605], "head_local": [0, 0.56565, 0.71369], "tail_local": [0, 0.59076, 0.29208], "matrix_local": [1, 0, 0, 0, 0, 0.05946, -0.99823, 0, 0, 0.99823, 0.05946, 0, 0, 0.56565, 0.71369, 1]}, {"name": "DEF-tail0", "head": [0, -0.30605, 0], "tail": [0, 0, 0], "head_local": [0, 0.2839, 1.48126], "tail_local": [0, 0.53862, 1.3116], "matrix_local": [1, 0, 0, 0, 0, 0.83229, -0.55434, 0, 0, 0.55434, 0.83229, 0, 0, 0.2839, 1.48126, 1]}, {"name": "tail1", "head": [0, 0, 0], "tail": [0, 0.35394, -0.48265], "head_local": [0, 0.53862, 1.3116], "tail_local": [0, 0.56565, 0.71369], "matrix_local": [1, 0, 0, 0, 0, 0.04516, -0.99898, 0, 0, 0.99898, 0.04516, 0, 0, 0.53862, 1.3116, 1]}, {"name": "ORG-rump.R", "head": [0.18354, -0.36263, -0.21057], "tail": [0.21718, -0.4274, -0.5896], "head_local": [-0.18354, 0.07319, 1.24059], "tail_local": [-0.21718, 0.13796, 0.86157], "matrix_local": [0.9935, 0.08715, -0.07328, 0, -0.08715, 0.16781, -0.98196, 0, -0.07328, 0.98196, 0.17431, 0, -0.18354, 0.07319, 1.24059, 1]}, {"name": "ORG-thigh.R", "head": [0, 0, 0], "tail": [0.03293, 0.28393, 0.09859], "head_local": [-0.21718, 0.13796, 0.86157], "tail_local": [-0.21644, 0.28528, 0.59753], "matrix_local": [1, -0.00246, 0.00144, 0, 0.00246, 0.48725, -0.87326, 0, 0.00144, 0.87326, 0.48725, 0, -0.21718, 0.13796, 0.86157, 1]}, {"name": "ORG-shin.R", "head": [0, 0, 0], "tail": [-0.02082, 0.29723, -0.15393], "head_local": [-0.21644, 0.28528, 0.59753], "tail_local": [-0.23675, 0.29574, 0.26294], "matrix_local": [0.99644, 0.06057, -0.05861, 0, -0.06057, 0.03117, -0.99768, 0, -0.05861, 0.99768, 0.03473, 0, -0.21644, 0.28528, 0.59753, 1]}, {"name": "ORG-foot.R", "head": [0, 0, 0], "tail": [-0.01133, 0.2537, -0.30211], "head_local": [-0.23675, 0.29574, 0.26294], "tail_local": [-0.2457, 0.00155, 0], "matrix_local": [0.99798, 0.02268, -0.05935, 0, -0.02268, -0.7454, -0.66623, 0, -0.05935, 0.66623, -0.74338, 0, -0.23675, 0.29574, 0.26294, 1]}, {"name": "ORG-toe.R", "head": [0, 0, 0], "tail": [-0.0054, 0.17757, -0.15871], "head_local": [-0.2457, 0.00155, 0], "tail_local": [-0.2457, -0.23667, 0], "matrix_local": [-1, 0, 0, 0, 0, -1, 0, 0, 0, 0, 1, 0, -0.2457, 0.00155, 0, 1]}, {"name": "DEF-toe.R", "head": [0, -0.23822, 0], "tail": [0, 0, 0], "head_local": [-0.2457, 0.00155, 0], "tail_local": [-0.2457, -0.23667, 0], "matrix_local": [-1, 0, 0, 0, 0, -1, 0, 0, 0, 0, 1, 0, -0.2457, 0.00155, 0, 1]}, {"name": "DEF-foot.R", "head": [0, -0.39466, 0], "tail": [0, 0, 0], "head_local": [-0.23675, 0.29574, 0.26294], "tail_local": [-0.2457, 0.00155, 0], "matrix_local": [0.99798, 0.02268, -0.05935, 0, -0.02268, -0.7454, -0.66623, 0, -0.05935, 0.66623, -0.74338, 0, -0.23675, 0.29574, 0.26294, 1]}, {"name": "MCH-toe.R.socket2", "head": [0, 0, 0], "tail": [-0.00781, -0.08765, -0.0978], "head_local": [-0.2457, 0.00155, 0], "tail_local": [-0.2457, 0.00155, 0.13155], "matrix_local": [1, 0, 0, 0, 0, 0, 1, 0, 0, -1, 0, 0, -0.2457, 0.00155, 0, 1]}, {"name": "ORG-heel.R", "head": [0, 0, 0], "tail": [0.01283, 0.26522, -0.05605], "head_local": [-0.23675, 0.29574, 0.26294], "tail_local": [-0.23675, 0.24886, -0.00436], "matrix_local": [1, 0, 0, 0, 0, -0.17272, -0.98497, 0, 0, 0.98497, -0.17272, 0, -0.23675, 0.29574, 0.26294, 1]}, {"name": "DEF-shin.R", "head": [0, -0.33537, 0], "tail": [0, 0, 0], "head_local": [-0.21644, 0.28528, 0.59753], "tail_local": [-0.23675, 0.29574, 0.26294], "matrix_local": [0.99644, 0.06057, -0.05861, 0, -0.06057, 0.03117, -0.99768, 0, -0.05861, 0.99768, 0.03473, 0, -0.21644, 0.28528, 0.59753, 1]}, {"name": "DEF-thigh.R", "head": [0, -0.30236, 0], "tail": [0, 0, 0], "head_local": [-0.21718, 0.13796, 0.86157], "tail_local": [-0.21644, 0.28528, 0.59753], "matrix_local": [1, -0.00246, 0.00144, 0, 0.00246, 0.48725, -0.87326, 0, 0.00144, 0.87326, 0.48725, 0, -0.21718, 0.13796, 0.86157, 1]}, {"name": "DEF-rump.R", "head": [0, -0.38599, 0], "tail": [0, 0, 0], "head_local": [-0.18354, 0.07319, 1.24059], "tail_local": [-0.21718, 0.13796, 0.86157], "matrix_local": [0.9935, 0.08715, -0.07328, 0, -0.08715, 0.16781, -0.98196, 0, -0.07328, 0.98196, 0.17431, 0, -0.18354, 0.07319, 1.24059, 1]}, {"name": "MCH-thigh.R.socket1", "head": [0, 0, 0], "tail": [0.00823, 0.07098, 0.02465], "head_local": [-0.21718, 0.13796, 0.86157], "tail_local": [-0.217, 0.17479, 0.79556], "matrix_local": [1, -0.00246, 0.00144, 0, 0.00246, 0.48725, -0.87326, 0, 0.00144, 0.87326, 0.48725, 0, -0.21718, 0.13796, 0.86157, 1]}, {"name": "MCH-thigh_ik.R", "head": [0, 0, 0], "tail": [0.03293, 0.28393, 0.09859], "head_local": [-0.21718, 0.13796, 0.86157], "tail_local": [-0.21644, 0.28528, 0.59753], "matrix_local": [1, -0.00246, 0.00144, 0, 0.00246, 0.48725, -0.87326, 0, 0.00144, 0.87326, 0.48725, 0, -0.21718, 0.13796, 0.86157, 1]}, {"name": "MCH-shin_ik.R", "head": [0, 0, 0], "tail": [-0.02082, 0.29723, -0.15393], "head_local": [-0.21644, 0.28528, 0.59753], "tail_local": [-0.23675, 0.29574, 0.26294], "matrix_local": [0.99644, 0.06057, -0.05861, 0, -0.06057, 0.03117, -0.99768, 0, -0.05861, 0.99768, 0.03473, 0, -0.21644, 0.28528, 0.59753, 1]}, {"name": "ORG-spine0", "head": [0, 0, 0], "tail": [0, 0.37603, -0.05449], "head_local": [0, -0.28944, 1.45116], "tail_local": [0, -0.66547, 1.39668], "matrix_local": [1, 0, 0, 0, 0, -0.98966, -0.14341, 0, 0, 0.14341, -0.98966, 0, 0, -0.28944, 1.45116, 1]}, {"name": "ORG-spine1", "head": [0, 0, 0], "tail": [0, 0.27261, -0.07404], "head_local": [0, -0.66547, 1.39668], "tail_local": [0, -0.94588, 1.43086], "matrix_local": [1, 0, 0, 0, 0, -0.99265, 0.12101, 0, 0, -0.12101, -0.99265, 0, 0, -0.66547, 1.39668, 1]}, {"name": "ORG-ribs", "head": [0, 0, 0], "tail": [0, 0.23647, 0.02883], "head_local": [0, -0.94588, 1.43086], "tail_local": [0, -1.1841, 1.43086], "matrix_local": [-1, 0, 0, 0, 0, -1, 0, 0, 0, 0, 1, 0, 0, -0.94588, 1.43086, 1]}, {"name": "ORG-neck0", "head": [0, -0.0047, -0.12105], "tail": [0, 0.74517, 0.03424], "head_local": [0, -1.1794, 1.30981], "tail_local": [0, -1.92927, 1.4651], "matrix_local": [1, 0, 0, 0, 0, -0.97922, 0.20278, 0, 0, -0.20278, -0.97922, 0, 0, -1.1794, 1.30982, 1]}, {"name": "ORG-head", "head": [0, 0, 0], "tail": [0, 0.23327, 0.04831], "head_local": [0, -1.92927, 1.4651], "tail_local": [0, -2.1675, 1.4651], "matrix_local": [-1, 0, 0, 0, 0, -1, 0, 0, 0, 0, 1, 0, 0, -1.92927, 1.4651, 1]}, {"name": "ORG-head_center", "head": [0, -0.31461, -0.07608], "tail": [0, -0.55183, -0.05423], "head_local": [0, -1.85289, 1.38902], "tail_local": [0, -1.61567, 1.41087], "matrix_local": [1, 0, 0, 0, 0, 0.99579, 0.09172, 0, 0, -0.09172, 0.99581, 0, 0, -1.85289, 1.38902, 1]}, {"name": "DEF-head_center", "head": [0, -0.23822, 0], "tail": [0, 0, 0], "head_local": [0, -1.85289, 1.38902], "tail_local": [0, -1.61567, 1.41087], "matrix_local": [1, 0, 0, 0, 0, 0.99579, 0.09172, 0, 0, -0.09172, 0.99581, 0, 0, -1.85289, 1.38902, 1]}, {"name": "DEF-head", "head": [0, -0.23822, 0], "tail": [0, 0, 0], "head_local": [0, -1.92927, 1.4651], "tail_local": [0, -2.1675, 1.4651], "matrix_local": [-1, 0, 0, 0, 0, -1, 0, 0, 0, 0, 1, 0, 0, -1.92927, 1.4651, 1]}, {"name": "head_center", "head": [0, -0.31461, -0.07608], "tail": [0, -0.55183, -0.05423], "head_local": [0, -1.85289, 1.38902], "tail_local": [0, -1.61567, 1.41087], "matrix_local": [1, 0, 0, 0, 0, 0.99579, 0.09172, 0, 0, -0.09172, 0.99581, 0, 0, -1.85289, 1.38902, 1]}, {"name": "DEF-neck0", "head": [0, -0.76578, 0], "tail": [0, 0, 0], "head_local": [0, -1.1794, 1.30981], "tail_local": [0, -1.92927, 1.4651], "matrix_local": [1, 0, 0, 0, 0, -0.97922, 0.20278, 0, 0, -0.20278, -0.97922, 0, 0, -1.1794, 1.30982, 1]}, {"name": "head", "head": [0, 0, 0], "tail": [0, 0.23327, 0.04831], "head_local": [0, -1.92927, 1.4651], "tail_local": [0, -2.1675, 1.4651], "matrix_local": [-1, 0, 0, 0, 0, -1, 0, 0, 0, 0, 1, 0, 0, -1.92927, 1.4651, 1]}, {"name": "ORG-scapula.R", "head": [0.15603, 0.07854, -0.26894], "tail": [0.17408, -0.06607, -0.52609], "head_local": [-0.15603, -1.26264, 1.16191], "tail_local": [-0.17408, -1.11804, 0.90476], "matrix_local": [0.9975, 0.06106, -0.03567, 0, -0.06106, 0.48924, -0.87001, 0, -0.03567, 0.87001, 0.49174, 0, -0.15603, -1.26264, 1.16192, 1]}, {"name": "ORG-thighF.R", "head": [0, 0, 0], "tail": [0.01332, 0.35592, -0.13559], "head_local": [-0.17408, -1.11804, 0.90476], "tail_local": [-0.17769, -1.06106, 0.52796], "matrix_local": [0.99992, 0.00947, -0.00814, 0, -0.00947, 0.1495, -0.98872, 0, -0.00814, 0.98872, 0.14958, 0, -0.17408, -1.11804, 0.90477, 1]}, {"name": "ORG-shinF.R", "head": [0, 0, 0], "tail": [-0.00183, 0.25718, 0.03111], "head_local": [-0.17769, -1.06106, 0.52796], "tail_local": [-0.1822, -0.99187, 0.27835], "matrix_local": [0.99976, 0.01743, -0.01326, 0, -0.01743, 0.26707, -0.96352, 0, -0.01326, 0.96352, 0.26731, 0, -0.17769, -1.06106, 0.52796, 1]}, {"name": "ORG-footF.R", "head": [0, 0, 0], "tail": [0.00235, 0.21069, -0.28176], "head_local": [-0.1822, -0.99187, 0.27835], "tail_local": [-0.1798, -1.20705, 0], "matrix_local": [0.99988, -0.00685, 0.01395, 0, 0.00685, -0.61159, -0.79114, 0, 0.01395, 0.79114, -0.61147, 0, -0.1822, -0.99188, 0.27835, 1]}, {"name": "ORG-toeF.R", "head": [0, 0, 0], "tail": [0.00163, 0.14569, -0.18847], "head_local": [-0.1798, -1.20705, 0], "tail_local": [-0.1798, -1.44527, 0], "matrix_local": [-1, 0, 0, 0, 0, -1, 0, 0, 0, 0, 1, 0, -0.1798, -1.20705, 0, 1]}, {"name": "DEF-toeF.R", "head": [0, -0.23822, 0], "tail": [0, 0, 0], "head_local": [-0.1798, -1.20705, 0], "tail_local": [-0.1798, -1.44527, 0], "matrix_local": [-1, 0, 0, 0, 0, -1, 0, 0, 0, 0, 1, 0, -0.1798, -1.20705, 0, 1]}, {"name": "DEF-footF.R", "head": [0, -0.35183, 0], "tail": [0, 0, 0], "head_local": [-0.1822, -0.99187, 0.27835], "tail_local": [-0.1798, -1.20705, 0], "matrix_local": [0.99988, -0.00685, 0.01395, 0, 0.00685, -0.61159, -0.79114, 0, 0.01395, 0.79114, -0.61147, 0, -0.1822, -0.99188, 0.27835, 1]}, {"name": "MCH-toeF.R.socket2", "head": [0, 0, 0], "tail": [0.00164, -0.09278, -0.07171], "head_local": [-0.1798, -1.20705, 0], "tail_local": [-0.1798, -1.20705, 0.11728], "matrix_local": [1, 0, 0, 0, 0, 0, 1, 0, 0, -1, 0, 0, -0.1798, -1.20705, 0, 1]}, {"name": "ORG-heelF.R", "head": [0, 0, 0], "tail": [0.00374, 0.26052, -0.06073], "head_local": [-0.1822, -0.99187, 0.27835], "tail_local": [-0.1822, -0.98075, 0.01105], "matrix_local": [1, 0, 0, 0, 0, 0.04159, -0.99913, 0, 0, 0.99913, 0.04159, 0, -0.1822, -0.99188, 0.27835, 1]}, {"name": "DEF-shinF.R", "head": [0, -0.25906, 0], "tail": [0, 0, 0], "head_local": [-0.17769, -1.06106, 0.52796], "tail_local": [-0.1822, -0.99187, 0.27835], "matrix_local": [0.99976, 0.01743, -0.01326, 0, -0.01743, 0.26707, -0.96352, 0, -0.01326, 0.96352, 0.26731, 0, -0.17769, -1.06106, 0.52796, 1]}, {"name": "DEF-thighF.R", "head": [0, -0.38111, 0], "tail": [0, 0, 0], "head_local": [-0.17408, -1.11804, 0.90476], "tail_local": [-0.17769, -1.06106, 0.52796], "matrix_local": [0.99992, 0.00947, -0.00814, 0, -0.00947, 0.1495, -0.98872, 0, -0.00814, 0.98872, 0.14958, 0, -0.17408, -1.11804, 0.90477, 1]}, {"name": "DEF-scapula.R", "head": [0, -0.29557, 0], "tail": [0, 0, 0], "head_local": [-0.15603, -1.26264, 1.16191], "tail_local": [-0.17408, -1.11804, 0.90476], "matrix_local": [0.9975, 0.06106, -0.03567, 0, -0.06106, 0.48924, -0.87001, 0, -0.03567, 0.87001, 0.49174, 0, -0.15603, -1.26264, 1.16192, 1]}, {"name": "MCH-thighF.R.socket1", "head": [0, 0, 0], "tail": [0.00333, 0.08898, -0.0339], "head_local": [-0.17408, -1.11804, 0.90476], "tail_local": [-0.17498, -1.10379, 0.81056], "matrix_local": [0.99992, 0.00947, -0.00814, 0, -0.00947, 0.1495, -0.98872, 0, -0.00814, 0.98872, 0.14958, 0, -0.17408, -1.11804, 0.90477, 1]}, {"name": "MCH-thighF_ik.R", "head": [0, 0, 0], "tail": [0.01332, 0.35592, -0.13559], "head_local": [-0.17408, -1.11804, 0.90476], "tail_local": [-0.17769, -1.06106, 0.52796], "matrix_local": [0.99992, 0.00947, -0.00814, 0, -0.00947, 0.1495, -0.98872, 0, -0.00814, 0.98872, 0.14958, 0, -0.17408, -1.11804, 0.90477, 1]}, {"name": "MCH-shinF_ik.R", "head": [0, 0, 0], "tail": [-0.00183, 0.25718, 0.03111], "head_local": [-0.17769, -1.06106, 0.52796], "tail_local": [-0.1822, -0.99187, 0.27835], "matrix_local": [0.99976, 0.01743, -0.01326, 0, -0.01743, 0.26707, -0.96352, 0, -0.01326, 0.96352, 0.26731, 0, -0.17769, -1.06106, 0.52796, 1]}, {"name": "ORG-neck_top", "head": [0, -0.28688, 0.08962], "tail": [0, 0.20987, 0.14082], "head_local": [0, -0.89722, 1.52048], "tail_local": [0, -1.39397, 1.57167], "matrix_local": [1, 0, 0, 0, 0, -0.99473, 0.10253, 0, 0, -0.10253, -0.99473, 0, 0, -0.89722, 1.52048, 1]}, {"name": "DEF-neck_top", "head": [0, -0.49938, 0], "tail": [0, 0, 0], "head_local": [0, -0.89722, 1.52048], "tail_local": [0, -1.39397, 1.57167], "matrix_local": [1, 0, 0, 0, 0, -0.99473, 0.10253, 0, 0, -0.10253, -0.99473, 0, 0, -0.89722, 1.52048, 1]}, {"name": "ORG-neck_bottom", "head": [0, 0.03678, -0.27106], "tail": [0, 0.31326, -0.2343], "head_local": [0, -1.22089, 1.15979], "tail_local": [0, -1.49736, 1.19656], "matrix_local": [1, 0, 0, 0, 0, -0.99127, 0.13182, 0, 0, -0.13182, -0.99127, 0, 0, -1.22089, 1.1598, 1]}, {"name": "DEF-neck_bottom", "head": [0, -0.27891, 0], "tail": [0, 0, 0], "head_local": [0, -1.22089, 1.15979], "tail_local": [0, -1.49736, 1.19656], "matrix_local": [1, 0, 0, 0, 0, -0.99127, 0.13182, 0, 0, -0.13182, -0.99127, 0, 0, -1.22089, 1.1598, 1]}, {"name": "ORG-scapula.L", "head": [-0.15603, 0.07854, -0.26894], "tail": [-0.17408, -0.06607, -0.52609], "head_local": [0.15603, -1.26264, 1.16191], "tail_local": [0.17408, -1.11804, 0.90476], "matrix_local": [0.9975, -0.06106, 0.03567, 0, 0.06106, 0.48924, -0.87001, 0, 0.03567, 0.87001, 0.49174, 0, 0.15603, -1.26264, 1.16192, 1]}, {"name": "ORG-thighF.L", "head": [0, 0, 0], "tail": [-0.01332, 0.35592, -0.13559], "head_local": [0.17408, -1.11804, 0.90476], "tail_local": [0.17769, -1.06106, 0.52796], "matrix_local": [0.99992, -0.00947, 0.00814, 0, 0.00947, 0.1495, -0.98872, 0, 0.00814, 0.98872, 0.14958, 0, 0.17408, -1.11804, 0.90477, 1]}, {"name": "ORG-shinF.L", "head": [0, 0, 0], "tail": [0.00183, 0.25718, 0.03111], "head_local": [0.17769, -1.06106, 0.52796], "tail_local": [0.1822, -0.99187, 0.27835], "matrix_local": [0.99976, -0.01743, 0.01326, 0, 0.01743, 0.26707, -0.96352, 0, 0.01326, 0.96352, 0.26731, 0, 0.17769, -1.06106, 0.52796, 1]}, {"name": "ORG-footF.L", "head": [0, 0, 0], "tail": [-0.00235, 0.21069, -0.28176], "head_local": [0.1822, -0.99187, 0.27835], "tail_local": [0.1798, -1.20705, 0], "matrix_local": [0.99988, 0.00685, -0.01395, 0, -0.00685, -0.61159, -0.79114, 0, -0.01395, 0.79114, -0.61147, 0, 0.1822, -0.99188, 0.27835, 1]}, {"name": "ORG-toeF.L", "head": [0, 0, 0], "tail": [-0.00163, 0.14569, -0.18847], "head_local": [0.1798, -1.20705, 0], "tail_local": [0.1798, -1.44527, 0], "matrix_local": [-1, 0, 0, 0, 0, -1, 0, 0, 0, 0, 1, 0, 0.1798, -1.20705, 0, 1]}, {"name": "DEF-toeF.L", "head": [0, -0.23822, 0], "tail": [0, 0, 0], "head_local": [0.1798, -1.20705, 0], "tail_local": [0.1798, -1.44527, 0], "matrix_local": [-1, 0, 0, 0, 0, -1, 0, 0, 0, 0, 1, 0, 0.1798, -1.20705, 0, 1]}, {"name": "DEF-footF.L", "head": [0, -0.35183, 0], "tail": [0, 0, 0], "head_local": [0.1822, -0.99187, 0.27835], "tail_local": [0.1798, -1.20705, 0], "matrix_local": [0.99988, 0.00685, -0.01395, 0, -0.00685, -0.61159, -0.79114, 0, -0.01395, 0.79114, -0.61147, 0, 0.1822, -0.99188, 0.27835, 1]}, {"name": "MCH-toeF.L.socket2", "head": [0, 0, 0], "tail": [-0.00164, -0.09278, -0.07171], "head_local": [0.1798, -1.20705, 0], "tail_local": [0.1798, -1.20705, 0.11728], "matrix_local": [1, 0, 0, 0, 0, 0, 1, 0, 0, -1, 0, 0, 0.1798, -1.20705, 0, 1]}, {"name": "ORG-heelF.L", "head": [0, 0, 0], "tail": [-0.00374, 0.26052, -0.06073], "head_local": [0.1822, -0.99187, 0.27835], "tail_local": [0.1822, -0.98075, 0.01105], "matrix_local": [1, 0, 0, 0, 0, 0.04159, -0.99913, 0, 0, 0.99913, 0.04159, 0, 0.1822, -0.99188, 0.27835, 1]}, {"name": "DEF-shinF.L", "head": [0, -0.25906, 0], "tail": [0, 0, 0], "head_local": [0.17769, -1.06106, 0.52796], "tail_local": [0.1822, -0.99187, 0.27835], "matrix_local": [0.99976, -0.01743, 0.01326, 0, 0.01743, 0.26707, -0.96352, 0, 0.01326, 0.96352, 0.26731, 0, 0.17769, -1.06106, 0.52796, 1]}, {"name": "DEF-thighF.L", "head": [0, -0.38111, 0], "tail": [0, 0, 0], "head_local": [0.17408, -1.11804, 0.90476], "tail_local": [0.17769, -1.06106, 0.52796], "matrix_local": [0.99992, -0.00947, 0.00814, 0, 0.00947, 0.1495, -0.98872, 0, 0.00814, 0.98872, 0.14958, 0, 0.17408, -1.11804, 0.90477, 1]}, {"name": "DEF-scapula.L", "head": [0, -0.29557, 0], "tail": [0, 0, 0], "head_local": [0.15603, -1.26264, 1.16191], "tail_local": [0.17408, -1.11804, 0.90476], "matrix_local": [0.9975, -0.06106, 0.03567, 0, 0.06106, 0.48924, -0.87001, 0, 0.03567, 0.87001, 0.49174, 0, 0.15603, -1.26264, 1.16192, 1]}, {"name": "MCH-thighF.L.socket1", "head": [0, 0, 0], "tail": [-0.00333, 0.08898, -0.0339], "head_local": [0.17408, -1.11804, 0.90476], "tail_local": [0.17498, -1.10379, 0.81056], "matrix_local": [0.99992, -0.00947, 0.00814, 0, 0.00947, 0.1495, -0.98872, 0, 0.00814, 0.98872, 0.14958, 0, 0.17408, -1.11804, 0.90477, 1]}, {"name": "MCH-thighF_ik.L", "head": [0, 0, 0], "tail": [-0.01332, 0.35592, -0.13559], "head_local": [0.17408, -1.11804, 0.90476], "tail_local": [0.17769, -1.06106, 0.52796], "matrix_local": [0.99992, -0.00947, 0.00814, 0, 0.00947, 0.1495, -0.98872, 0, 0.00814, 0.98872, 0.14958, 0, 0.17408, -1.11804, 0.90477, 1]}, {"name": "MCH-shinF_ik.L", "head": [0, 0, 0], "tail": [0.00183, 0.25718, 0.03111], "head_local": [0.17769, -1.06106, 0.52796], "tail_local": [0.1822, -0.99187, 0.27835], "matrix_local": [0.99976, -0.01743, 0.01326, 0, 0.01743, 0.26707, -0.96352, 0, 0.01326, 0.96352, 0.26731, 0, 0.17769, -1.06106, 0.52796, 1]}, {"name": "neck0", "head": [0, -0.0047, -0.12105], "tail": [0, 0.74517, 0.03424], "head_local": [0, -1.1794, 1.30981], "tail_local": [0, -1.92927, 1.4651], "matrix_local": [1, 0, 0, 0, 0, -0.97922, 0.